0.119076 82
0.125692 82
0.265360 82
0.269592 82
0.689840 112
0.699500 64
0.890468 108
0.892932 64
0.895044 64
0.896060 64
0.911968 75
1.003232 123
1.025148 64
1.164304 64
1.432864 64
1.435644 64
2.915004 132
2.920388 83
3.137452 121
3.141996 94
3.171740 102
3.198388 102
3.319964 64
3.367808 64
3.469512 64
3.564452 64
3.567644 64
3.587432 68
3.944868 136
3.992688 68
4.367700 98
4.582812 64
4.599736 64
4.702208 74
4.822712 84
4.828532 129
4.854440 95
4.954036 64
5.062728 101
5.089272 85
5.218272 83
5.219424 83
5.276192 64
5.313824 74
5.347832 74
5.841696 97
5.864364 89
6.069784 64
6.235132 102
6.383164 102
6.414820 64
6.490340 101
6.512728 88
6.872172 64
7.838608 100
7.915288 100
7.920084 64
7.988688 64
8.024336 93
8.128072 82
8.132024 82
8.154052 64
8.268680 64
8.294984 105
8.350904 108
8.354464 64
8.392964 68
8.414076 570
8.415852 570
8.417632 570
8.420916 570
8.423144 570
8.425888 570
8.429152 570
8.436568 64
8.438444 64
8.491032 82
8.498336 82
8.696464 68
8.753996 64
8.816336 108
8.867704 64
8.873176 570
8.992612 68
9.074576 64
9.079932 570
9.081688 570
9.083916 570
9.085680 570
9.089116 570
9.091312 570
9.093080 570
9.277512 64
9.322812 64
9.470484 64
9.695924 64
9.709608 570
9.709688 76
9.808048 570
9.808356 132
9.871088 70
9.885272 74
9.895324 74
9.897048 74
9.954052 64
9.968856 67
10.020080 64
10.058596 64
10.064252 570
10.066020 570
10.067784 570
10.071924 570
10.074928 570
10.076708 570
10.079636 505
10.154044 64
10.211864 66
10.355784 64
10.392664 68
10.471976 64
10.585532 64
10.602660 64
10.711056 74
10.947012 68
10.951656 101
10.992556 68
11.072064 64
11.086544 68
11.342808 64
11.526164 82
11.534528 82
12.404916 68
12.407704 64
14.107724 64
14.110800 64
14.116908 64
14.368152 98
14.398848 66
14.403016 64
14.608776 94
14.612744 64
14.653888 64
14.750344 74
14.772120 64
14.806576 64
14.810300 64
14.817420 64
14.982464 64
14.985336 64
15.475936 89
15.482060 198
15.868032 64
15.870824 64
16.354440 166
16.359908 83
16.631700 109
16.635588 109
16.636276 94
16.638496 64
17.050236 64
17.151108 78
17.373188 169
17.387400 78
17.478964 85
17.482400 85
17.730688 156
17.863956 132
17.923672 90
17.933020 101
17.943104 78
17.944340 237
17.962524 64
18.602400 108
18.666500 101
18.697860 90
18.863716 64
18.974964 110
18.998788 534
19.002348 570
19.161644 64
19.162584 102
19.166748 64
19.176036 445
19.361560 64
19.371992 108
19.431264 570
19.433028 570
19.434800 570
19.438040 570
19.440276 570
19.653216 64
19.658816 570
19.660616 570
19.662400 570
19.665592 570
19.675504 64
19.680800 570
19.682552 570
19.896500 64
19.902040 570
19.903828 570
19.911244 64
19.916880 570
19.918664 570
19.920436 570
20.060096 64
20.065880 570
20.077320 64
20.176532 64
20.182112 570
20.183884 570
20.185660 570
20.189012 570
20.431320 77
20.435264 77
20.448652 64
20.453852 505
20.652252 64
20.862104 64
21.295628 64
21.300420 64
21.313480 64
21.750480 82
21.752592 64
21.754344 82
21.757568 64
21.947096 64
21.960736 64
21.967524 64
22.065184 64
22.216512 64
22.221908 533
22.322952 64
22.325200 64
22.592024 64
22.608560 64
22.618432 64
22.714468 74
23.158772 66
23.162896 64
23.293624 103
23.297676 64
23.313356 77
23.407416 64
23.448952 64
23.451592 64
23.545676 89
23.550828 164
23.873076 140
23.887668 86
24.005432 134
24.049504 98
24.249160 64
24.319544 77
24.368420 98
25.319828 77
25.491168 85
25.495280 85
25.966340 139
26.122664 64
26.631760 85
26.635584 85
26.773024 105
26.797600 64
26.800436 64
26.848896 112
27.047480 64
27.129940 64
27.391136 64
27.393536 64
27.759048 89
27.764840 198
27.831232 64
28.258756 139
28.264136 83
28.333560 123
28.338036 94
28.544340 68
28.608968 135
28.629756 64
28.662784 84
28.819808 64
28.867380 64
29.040056 82
29.047396 114
29.342660 141
29.347224 95
29.376180 71
29.395260 112
29.448728 101
29.473912 90
29.544228 68
29.561992 64
29.808028 110
29.831888 534
29.839060 570
29.842020 570
29.865800 64
29.891904 64
29.898132 137
29.916236 102
29.923104 92
29.961836 64
30.035340 102
30.039576 64
30.144404 108
30.154124 64
30.206016 570
30.207796 570
30.209552 570
30.212308 64
30.212864 570
30.216032 570
30.344268 68
30.349936 570
30.351696 570
30.479316 68
30.485672 570
30.487404 570
30.489164 570
30.633692 76
30.649800 68
30.655320 570
30.657060 570
30.658816 570
30.729952 104
30.734536 64
30.744424 68
30.775236 76
30.895164 68
30.901084 570
30.902860 570
30.904612 570
31.017044 64
31.061196 68
31.067156 570
31.068916 570
31.091728 64
31.094748 64
31.106392 124
31.117880 64
31.144116 68
31.265696 64
31.296276 108
31.310432 68
31.316692 570
31.318416 570
31.320180 570
31.361400 64
31.463608 570
31.465988 570
31.468192 570
31.470888 570
31.476344 68
31.500032 570
31.502860 570
31.504276 570
31.506500 570
31.508812 64
31.513572 108
31.518448 89
31.526368 164
31.536932 570
31.540052 411
31.644824 68
31.654440 64
31.658824 69
31.663740 64
31.697740 64
31.745028 68
31.790460 64
31.836096 64
31.839328 64
31.891776 68
32.011956 64
32.144132 68
32.149092 505
32.211684 64
32.214044 64
32.219840 66
32.312236 64
32.344224 68
32.430924 104
32.437296 64
32.458508 77
32.468404 64
32.519156 64
32.545936 133
32.546184 64
32.549284 64
32.560400 86
32.642324 125
32.649360 98
32.653508 68
32.657432 64
32.708192 94
32.711760 64
32.713224 64
32.744300 68
32.749312 91
32.770736 96
32.774796 64
32.802836 68
32.812052 64
32.892324 64
32.901348 256
32.909832 91
32.943716 64
32.995548 68
32.998304 64
33.028888 64
33.031524 64
33.330940 147
33.336252 83
33.361412 131
33.366140 94
33.524736 64
33.666516 101
33.696288 100
33.711264 85
33.715348 85
33.723988 64
33.751204 91
33.778776 112
33.806084 98
33.830076 64
33.832464 64
33.888392 110
33.892760 64
33.924044 64
33.941768 126
33.965632 108
33.991348 256
33.999792 91
34.024908 570
34.026668 570
34.028448 570
34.031760 570
34.033980 570
34.035760 570
34.089268 64
34.094892 570
34.096652 570
34.098424 570
34.101728 570
34.103920 570
34.105676 570
34.108844 570
34.157040 64
34.162404 570
34.183904 64
34.189516 570
34.190364 85
34.191248 570
34.193020 570
34.196428 570
34.198680 570
34.200464 570
34.203728 570
34.203824 85
34.241568 64
34.245496 64
34.282460 64
34.287540 505
34.307484 105
34.323900 64
34.351144 64
34.361360 64
34.368716 98
34.371136 83
34.372324 83
34.398908 114
34.472616 74
34.486220 74
34.501108 64
34.752032 66
34.755536 75
34.756200 64
34.758908 83
34.760224 91
34.779724 104
34.783756 64
34.800392 64
34.820392 64
34.844960 64
34.847676 64
34.867620 64
34.870236 64
34.940616 280
35.059720 126
35.104256 64
35.258588 136
35.265760 280
35.275356 91
35.321612 64
35.371004 83
35.473716 74
35.509560 86
35.515540 131
35.528508 139
35.533696 83
35.540592 234
35.583512 242
35.602568 108
35.605216 131
35.610144 94
35.629084 126
35.698396 64
35.714376 101
35.727532 104
35.745220 570
35.747256 570
35.749280 570
35.751856 570
35.754472 64
35.755132 64
35.759648 389
35.761800 64
35.774268 97
35.896240 64
35.926652 64
35.972016 109
36.027568 89
36.032720 164
36.044796 95
36.097140 64
36.159148 107
36.164200 64
36.224616 111
36.296928 108
36.340472 87
36.354464 64
36.371204 83
36.407908 570
36.409672 570
36.411432 570
36.414776 570
36.417000 570
36.418756 570
36.425776 92
36.437544 180
36.452752 87
36.467616 74
36.526420 142
36.554196 64
36.633604 64
36.639248 570
36.641012 570
36.642788 570
36.680272 104
36.789544 64
36.795060 570
36.796800 570
36.798556 570
36.878220 64
36.898284 64
36.938024 108
37.045692 64
37.051720 570
37.053476 570
37.055232 570
37.136476 89
37.154428 64
37.208964 64
37.214684 570
37.214832 64
37.223920 64
37.266780 570
37.298016 64
37.303908 570
37.305680 570
37.346608 570
37.351492 64
37.425580 570
37.429836 64
37.434808 64
37.460540 64
37.466592 570
37.470108 570
37.507760 570
37.513980 64
37.612256 570
37.626052 64
37.631916 570
37.635840 83
37.636960 77
37.675796 77
37.689412 570
37.696344 64
37.733556 74
37.743748 64
37.784904 64
37.816732 64
37.842168 570
37.845280 64
37.850120 64
37.898460 64
37.921480 570
37.921548 64
37.928416 64
38.000400 570
38.039516 64
38.066928 64
38.090760 570
38.134692 64
38.154260 64
38.157184 64
38.169036 570
38.207924 64
38.214060 505
38.228920 71
38.247036 91
38.251100 570
38.256148 64
38.279880 74
38.289808 74
38.335472 570
38.354156 64
38.359176 64
38.361700 64
38.365924 66
38.374976 64
38.388404 77
38.393232 64
38.417804 570
38.421524 64
38.424880 64
38.452224 101
38.456932 64
38.488300 95
38.494244 64
38.496032 64
38.508992 64
38.539192 570
38.545836 64
38.567312 64
38.621888 570
38.641272 64
38.644216 64
38.660688 110
38.701368 64
38.704272 64
38.708124 570
38.713008 64
38.715252 64
38.715664 85
38.719576 85
38.726228 534
38.733700 570
38.761580 64
38.773008 475
38.790968 570
38.816428 64
38.874948 570
38.954168 64
38.958184 570
38.958252 64
38.961456 64
38.965748 64
38.978540 64
39.042216 570
39.093516 64
39.096852 64
39.128512 570
39.128600 85
39.145348 64
39.156100 85
39.217996 64
39.242224 64
39.268228 570
39.391608 391
39.554192 64
39.616748 66
39.714300 64
39.726736 64
39.729364 64
39.730168 199
39.762996 64
39.765668 64
39.833488 64
39.873596 89
39.877072 70
39.879836 198
39.889988 74
39.901560 74
39.903164 64
39.903272 74
39.906148 64
40.037112 64
40.133376 64
40.138076 101
40.243632 64
40.383404 64
40.386264 64
40.425704 64
40.428308 64
40.432528 139
40.437688 83
40.510552 131
40.515372 104
40.562704 64
40.596116 85
40.600380 85
40.639500 111
40.665652 101
40.703044 102
40.727752 102
40.738024 126
40.743172 83
40.832148 113
40.836452 64
40.898168 64
40.966204 108
40.966736 109
40.971424 94
41.023120 570
41.024868 570
41.026676 570
41.029912 570
41.032108 570
41.253204 64
41.258824 570
41.260596 570
41.262356 570
41.374132 64
41.418056 64
41.423588 570
41.426224 570
41.427160 570
41.505788 64
41.511024 570
41.663548 64
41.669472 570
41.671220 570
41.672980 570
41.704668 64
41.820892 64
41.826624 570
41.938224 101
41.954368 64
41.964940 88
41.982760 64
41.988804 570
41.990576 570
41.992336 570
42.097468 64
42.182948 64
42.240096 64
42.241840 64
42.245984 570
42.247732 570
42.249496 570
42.371888 100
42.376108 64
42.403364 64
42.408988 570
42.469116 64
42.471396 64
42.499648 64
42.668120 108
42.699236 64
42.730568 570
42.732336 570
42.734068 570
42.737316 570
42.739532 570
42.900884 64
42.906256 570
43.009108 64
43.059292 64
43.062016 70
43.126244 89
43.131712 164
43.188956 64
43.191204 77
43.194604 570
43.196856 570
43.198684 570
43.202008 570
43.202244 64
43.261848 101
43.265820 64
43.303736 64
43.310292 570
43.312044 570
43.319176 64
43.500932 64
43.503552 64
43.580624 64
43.585952 570
43.587732 570
43.878972 64
43.884512 570
43.886260 570
44.203764 64
44.369360 98
44.687784 570
44.836960 85
44.843968 85
44.941612 64
44.947428 570
44.949192 570
45.230592 64
45.236120 570
45.237884 570
45.239660 570
45.577256 64
45.582652 570
45.584096 505
45.831860 64
45.967772 64
45.973224 64
45.982028 570
45.982148 125
46.201816 71
46.220216 112
46.361440 64
46.421892 64
46.747984 110
46.764680 534
46.771956 570
46.774888 570
46.782924 64
46.789424 137
46.961564 64
47.174836 89
47.180120 164
47.864436 89
47.874196 164
48.094016 149
48.106460 86
48.319864 64
48.363640 64
48.692308 64
48.700296 135
48.761576 64
48.817196 98
49.388468 66
49.391716 66
49.392508 64
49.394392 64
49.473672 64
49.712984 103
49.717280 64
49.768008 64
49.921468 64
50.146624 64
50.149404 64
50.174592 85
50.178716 85
50.755520 83
50.756812 77
50.757476 83
50.799500 139
50.801128 64
50.803988 64
50.851136 74
50.861812 74
50.913704 64
51.194836 85
51.198784 85
51.797976 105
51.962000 64
52.061876 98
52.665844 64
53.769664 110
53.778912 64
54.369652 98
54.437356 108
54.561672 64
54.784944 570
54.787792 570
54.790364 570
54.796532 570
54.834604 392
54.836584 64
55.359520 85
55.363556 85
55.594924 64
55.739892 64
55.748352 139
55.753716 83
55.860316 64
55.915100 64
55.916056 64
55.922000 128
55.926420 94
56.044508 66
56.054636 64
56.055596 64
56.061120 64
56.084352 101
56.109176 96
56.233916 64
56.235256 64
56.476532 85
56.480280 85
56.483128 85
56.484796 108
56.487052 85
56.489360 64
56.603532 85
56.604844 64
56.605832 64
56.607576 85
56.636888 105
56.703780 64
56.711444 64
56.949608 64
56.980708 85
56.984932 101
57.036648 108
57.094184 463
57.246596 64
57.248288 64
57.419064 64
57.423568 64
57.517400 64
57.536312 64
57.655508 91
57.750216 241
57.835804 91
57.971588 324
59.344712 142
59.471564 86
59.476156 86
59.478320 64
59.481848 134
59.603360 107
59.761712 64
61.110584 64
61.124552 570
61.124708 166
61.186700 85
61.190636 85
61.416444 64
61.816528 85
61.820808 85
61.951192 114
62.184340 64
62.251188 64
62.304640 64
62.479916 85
62.486380 85
62.609004 96
62.761692 64
63.139384 108
63.285544 64
63.361608 64
63.605348 71
63.694356 91
63.761656 64
63.814892 108
63.845224 64
64.048548 64
64.086868 110
64.105400 534
64.111280 570
64.161808 64
64.169716 185
64.361576 64
64.370092 98
65.762496 80
65.964060 131
66.107352 80
66.619516 96
67.185724 64
69.597524 64
69.803868 64
69.806308 64
69.873624 70
69.886596 74
69.896660 74
69.898372 74
70.813792 71
70.836460 91
70.961652 64
71.209356 110
71.227736 534
71.361560 64
71.370976 348
71.561756 64
72.226632 88
72.234496 122
72.451080 64
72.838212 137
72.967440 64
72.971132 85
72.973260 64
73.071144 128
73.075712 100
73.181384 88
73.186320 122
73.271404 64
73.711808 64
73.731840 570
73.732024 199
73.819880 64
73.866984 64
74.004756 64
74.007876 64
74.032772 64
74.141864 107
74.149996 94
74.274944 64
74.357836 85
74.361864 85
74.370588 98
74.539900 570
74.542876 570
74.549752 570
74.556036 570
74.559000 570
74.562244 570
74.562972 64
74.565956 570
74.570412 570
74.677504 106
74.681748 64
74.710688 570
74.761792 64
74.822856 64
74.876152 64
74.894172 108
74.944972 570
74.945684 276
74.949180 570
74.954232 570
74.958500 570
74.961680 64
74.962768 570
75.078108 64
75.084076 570
75.200352 64
75.205220 380
75.470768 64
75.476172 64
76.566008 66
76.570112 64
76.997728 99
77.001460 64
77.112364 64
77.184488 64
77.561876 64
77.564304 64
77.791568 66
77.938048 64
77.944668 104
78.063828 64
78.066800 64
78.721976 64
78.781304 71
78.807644 91
78.831652 64
78.961772 64
79.129728 110
79.146624 534
79.153792 570
79.161920 64
79.371564 83
79.372756 83
79.510228 570
79.513160 570
79.516096 570
79.519060 570
79.521996 570
79.525748 570
79.562000 64
79.572412 422
79.588344 64
80.371420 83
81.371484 83
82.358580 83
83.285684 74
83.293972 74
83.839844 71
83.864268 91
83.961740 64
84.021928 110
84.038500 534
84.045892 570
84.048992 570
84.067412 64
84.075620 282
84.161952 64
84.370912 98
85.186280 64
85.197516 405
85.404596 84
85.407156 74
86.186324 405
86.977028 64
86.979700 64
87.650204 71
87.670876 91
87.761812 64
87.965408 110
87.982124 534
87.989420 570
87.993496 570
87.999212 570
88.003296 570
88.006892 64
88.007440 570
88.011600 570
88.014640 570
88.041488 64
88.046712 64
88.162068 64
88.186316 405
89.402684 84
89.404976 74
90.983344 64
90.985972 64
92.186400 405
93.321608 64
93.373624 64
93.540892 82
93.558776 82
94.371064 98
94.855580 71
94.873124 87
94.961812 64
95.055324 110
95.072348 534
95.079280 570
95.084160 570
95.087780 570
95.092736 64
95.104644 522
95.162072 64
95.285392 83
95.286516 83
95.381624 74
95.392520 74
97.184492 64
97.402560 84
97.404848 74
97.535016 71
97.556912 87
97.562012 64
97.716852 110
97.783208 534
97.790116 570
97.961900 64
97.971992 392
98.162132 64
98.990888 64
98.993808 64
99.874564 70
99.886548 74
99.896476 74
99.899848 74
100.188424 405
100.313784 71
100.331532 90
100.361760 64
100.562556 110
100.579044 534
100.674044 64
100.761912 64
100.773932 535
100.961848 64
103.219704 82
103.227452 82
103.725056 71
103.742952 84
103.762440 64
103.940472 110
103.956980 534
103.962204 64
103.964168 570
103.968288 570
103.971256 570
103.989904 64
103.996000 124
104.162148 64
104.371456 98
105.698560 64
105.703648 64
106.466932 64
106.471788 64
106.809848 64
106.936952 71
106.954632 64
106.958756 88
106.959480 570
106.961904 64
107.152304 110
107.169068 534
107.177812 570
107.361804 64
107.367252 72
107.561988 64
107.706516 64
108.028176 64
108.031112 99
108.630112 64
111.163920 71
111.182892 94
111.361900 64
111.499652 110
111.516540 534
111.531192 570
111.534728 570
111.539596 64
111.548396 323
111.562104 64
113.404844 84
113.407096 74
114.372220 98
114.525184 64
114.540012 64
116.599368 64
116.920600 136
117.960128 71
117.980960 87
118.162272 64
118.351236 110
118.371888 534
118.392548 570
118.562156 64
118.573664 482
118.590200 79
118.601216 124
118.762032 64
118.820240 64
118.887560 64
118.887912 100
118.954556 64
119.264444 107
119.524888 64
119.539084 570
119.539228 150
119.832544 64
119.837944 64
120.549044 92
120.708124 104
120.926196 64
120.954528 64
120.998876 108
123.062700 64
123.077920 71
123.104580 93
123.161668 570
123.162384 64
123.168296 570
123.174688 570
123.177644 570
123.183392 570
123.190912 64
123.209676 64
123.476312 110
123.492716 534
123.500152 570
123.503656 570
123.508768 64
123.517792 323
123.562140 64
124.212072 83
124.213256 83
124.322328 74
124.348988 74
124.372500 98
125.211940 83
125.315196 74
126.051632 570
126.054752 570
126.063352 570
126.069288 570
126.075140 570
126.078572 64
126.081440 570
126.085136 570
126.106692 64
126.154544 64
126.212188 83
126.312176 74
127.349884 546
127.502832 83
127.554608 64
127.609004 74
127.686364 66
128.289400 74
128.300972 74
128.753616 64
128.764036 101
128.975656 64
128.984836 64
129.613812 64
129.876316 70
129.890012 74
129.901580 74
129.903304 74
132.146748 71
132.209276 84
132.362032 64
132.364312 64
132.612180 110
132.633108 534
132.645736 570
132.648668 570
132.671728 64
132.678744 103
132.762128 64
133.331268 64
133.345260 570
133.345412 162
133.482268 64
133.484844 64
133.645916 64
134.372992 98
137.184668 64
137.322144 71
137.372356 93
137.562184 64
137.570644 110
137.588360 534
137.612152 570
137.616216 570
137.620280 570
137.623584 570
137.630152 64
137.637288 205
137.762208 64
138.321908 64
138.373952 64
140.495604 83
140.496760 83
140.593860 74
140.607376 74
142.114340 71
142.121144 64
142.159020 107
142.162308 64
142.512744 110
142.521192 64
142.532400 534
142.539508 570
142.562268 64
142.574376 524
142.762160 64
144.373060 98
146.619656 64
147.242564 64
147.709348 64
147.723264 570
147.723380 116
148.134460 64
148.136728 64
148.223752 71
148.244596 84
148.338588 64
148.362012 64
148.603116 110
148.621328 534
148.626944 570
148.762292 64
148.768156 96
148.918456 132
148.931648 86
148.962112 64
149.187312 570
149.214608 128
149.225236 98
149.586328 105
149.628844 64
149.631864 116
149.645208 91
149.917168 103
149.925484 64
150.034372 64
150.210852 108
150.362108 64
150.410536 570
150.412552 570
150.414604 570
150.416644 570
150.448628 570
150.450692 570
150.453844 570
150.457980 567
150.460876 64
153.743924 570
153.745724 570
153.747548 570
153.749392 570
153.751228 570
153.753592 570
153.757136 570
153.760552 570
153.992092 64
153.998628 64
154.025256 64
154.027632 64
154.030576 64
154.056192 64
154.057876 64
154.060144 77
154.068508 64
154.274320 95
154.282580 64
154.373484 98
154.474508 64
154.478140 64
154.480464 64
155.676160 71
155.722096 64
155.759172 84
155.764624 64
156.158096 110
156.175932 534
156.184156 570
156.188260 570
156.192300 570
156.197528 64
156.209988 567
156.362112 64
159.877088 70
159.889548 74
159.899476 74
159.902860 74
163.820528 64
163.864412 64
164.374112 98
165.845792 64
165.854888 250
166.237372 64
168.640516 71
168.683080 110
168.762248 64
168.987256 110
169.004988 534
169.014008 570
169.021072 570
169.025984 570
169.028756 64
169.030768 570
169.162360 64
169.172668 410
169.362420 64
169.482552 83
169.483744 83
169.626460 74
169.640884 74
170.482508 83
170.648108 74
171.482468 83
172.499952 83
172.673700 71
172.708724 93
172.754204 64
172.759088 64
172.762284 64
172.897804 110
172.916656 534
172.962200 64
172.974464 547
173.023240 74
173.043136 64
173.162496 64
173.174024 74
173.176848 74
173.231104 64
173.236056 64
173.295740 74
173.305672 74
173.446096 64
173.455460 64
173.842488 64
173.848180 539
174.235568 64
174.374340 98
175.944220 71
175.962432 90
176.162484 64
176.209384 110
176.230036 534
176.237604 570
176.362120 64
176.369572 222
176.562392 64
180.076572 71
180.095020 90
180.163560 64
180.348628 110
180.365012 534
180.371824 570
180.562364 64
180.572520 386
180.762736 64
182.257508 64
182.271708 570
182.271864 166
182.637600 64
182.922848 64
182.924564 64
183.320744 64
183.367996 64
184.374976 98
184.514328 71
184.523716 64
184.577068 64
184.583724 102
184.590724 64
184.593076 64
184.610792 64
184.615784 64
185.495764 83
185.496920 83
185.591436 74
185.604688 74
189.883552 70
189.897720 74
189.907796 74
189.909520 74
194.375152 98
194.848748 88
194.854100 119
197.184924 64
198.587948 64
198.604344 570
198.604500 171
199.042496 64
204.375500 98
208.821088 64
208.897488 64
211.353048 64
211.366952 570
211.367112 172
211.866640 64
213.115920 64
213.117672 64
214.375844 98
214.483036 83
214.484228 83
214.648920 74
214.692496 74
215.483660 83
215.628800 74
216.482944 83
216.670724 74
217.270628 83
218.301336 74
218.309624 74
219.879332 70
219.891772 74
219.901704 74
219.903432 74
220.254012 64
220.268516 570
220.268712 215
220.371576 64
220.373392 64
220.663688 64
220.850828 75
221.021600 204
221.073240 75
222.104680 210
224.022472 75
224.202644 164
224.308648 64
224.376596 98
224.467136 64
224.469388 64
225.625960 64
225.762940 64
225.765256 64
228.321324 64
228.441380 64
228.661160 90
228.666184 164
229.443788 132
229.457324 86
229.667116 124
229.668576 64
229.676604 98
229.682632 570
229.682764 136
229.891048 64
229.892160 90
229.897380 164
230.037472 64
230.166144 83
230.167324 83
230.331360 74
230.332284 74
230.854924 106
230.931072 132
230.932020 132
230.935184 64
230.946396 86
230.958280 86
231.156724 124
231.162608 64
231.165768 98
231.309440 64
231.531904 64
231.758288 98
231.762844 64
231.803776 64
232.135872 64
232.213628 108
232.215508 106
232.311424 86
232.362296 64
232.374304 570
232.376328 570
232.379392 532
232.381192 64
232.541916 64
232.618156 64
233.147196 98
233.154744 64
233.530184 66
233.532136 64
233.533016 64
233.538192 64
233.544236 413
233.613592 108
233.755232 570
233.757980 570
233.760000 570
233.762048 570
233.767176 237
233.769492 64
233.770660 94
233.776200 64
234.016160 64
234.095728 64
234.098520 64
234.100488 64
234.102712 64
234.376896 98
234.916784 66
234.962736 64
234.970060 64
235.326568 64
235.362264 64
235.406104 94
235.409168 64
235.414068 64
235.576684 64
236.899984 64
236.906744 81
237.307940 64
239.383788 64
239.390496 81
239.646012 64
239.742924 64
239.837644 64
240.456712 85
241.044108 82
241.048732 82
242.324272 64
242.344600 86
242.884892 64
244.867188 98
248.632732 64
249.900128 70
249.911308 74
249.921236 74
249.924600 74
250.125340 86
250.144072 160
250.459008 86
250.476104 160
250.683848 86
250.701448 160
253.821164 64
253.928864 64
254.971672 98
255.288736 64
255.293608 64
255.540908 64
255.555168 64
255.668116 64
255.856268 64
257.172532 570
257.172868 284
257.185176 64
257.644448 64
260.687644 64
262.630772 64
262.635704 64
262.891400 83
262.927848 64
262.932992 64
263.228488 64
263.238148 64
263.307468 74
263.315752 74
263.684900 64
263.690364 561
263.840720 74
264.238808 64
264.973940 98
269.688200 64
269.704336 64
269.705472 64
270.034396 64
270.037192 68
270.437420 64
271.586932 64
271.591744 64
271.797552 64
271.802424 64
272.036384 64
272.043696 64
272.434056 64
272.437720 198
272.835248 64
273.321324 64
273.370384 64
274.974536 98
275.022348 64
275.027360 64
275.234992 64
275.239836 64
275.456056 64
275.462324 64
275.466192 64
275.655260 64
275.660388 64
275.788876 82
275.792800 82
276.035432 64
276.087108 82
276.091344 82
276.136356 64
276.141648 64
276.347676 64
276.352488 64
276.359828 82
276.370080 82
276.578656 64
276.583504 64
276.860284 64
276.865404 64
277.021972 82
277.025784 82
277.065664 64
277.070424 64
277.686808 64
277.837608 64
277.842544 64
277.915556 64
277.922152 64
277.923532 64
277.989800 64
277.992812 64
278.506108 64
278.513404 64
278.823408 64
278.828364 64
278.930772 64
278.957124 64
278.977276 64
278.980632 64
279.025928 64
279.030716 64
279.207912 64
279.228012 64
279.236308 64
279.289408 88
279.439160 64
279.463112 74
279.542576 82
279.546800 82
279.885692 70
279.898332 74
279.906620 74
279.908344 74
280.248572 64
280.253508 64
280.454004 64
280.468884 64
280.637448 82
280.640936 64
280.641824 82
280.642880 64
280.835596 64
280.839064 198
282.186000 198
282.308764 64
282.313692 64
282.393448 64
282.536500 64
282.541152 64
282.744568 64
282.749624 64
282.955984 64
282.961004 64
283.168592 64
283.173356 64
283.285476 88
283.374880 74
283.399636 64
283.404484 64
283.635788 64
283.734236 64
283.739112 64
284.037660 64
284.052708 64
284.057472 64
284.254580 64
284.259440 64
284.467504 64
284.472268 64
284.621420 64
284.624480 64
284.673324 64
284.678044 64
284.908936 64
284.914144 64
284.974992 98
285.113060 64
285.118200 64
285.355984 64
285.361068 64
285.559320 64
285.564444 64
285.757164 64
285.762132 64
285.958900 64
285.964384 64
286.158544 64
286.182556 64
286.590524 88
286.685432 64
287.063044 117
287.239180 64
287.890456 74
288.038024 286
288.453196 74
288.620096 119
288.771920 64
288.790760 80
288.827280 125
288.981636 64
288.995160 110
289.110852 64
289.462292 74
289.567376 117
289.697392 244
289.705304 74
289.778872 64
289.780648 92
289.909668 64
290.424012 104
290.461884 74
290.595868 64
290.660020 64
290.665840 64
290.688688 64
290.788956 108
290.952284 64
291.023360 594
291.107764 64
291.297564 464
291.345964 64
291.350872 64
291.511888 64
291.550004 64
291.555016 64
291.750528 64
291.755324 64
291.756456 64
291.891752 66
291.954260 64
292.036664 64
292.038868 64
292.039592 64
292.239256 64
292.242180 64
292.456172 74
292.471372 64
292.474260 64
292.499996 64
292.561448 101
292.684672 64
292.689616 64
292.692604 64
292.726468 64
292.764728 64
292.786516 64
292.830532 64
292.833368 114
292.879848 64
292.892592 64
292.895436 64
292.933992 64
293.088940 64
293.091764 64
293.124924 64
293.127980 64
293.324604 64
293.327568 64
293.523580 64
293.545408 64
293.608048 247
293.615248 74
293.642864 64
293.645576 64
293.875876 64
294.203940 89
294.209980 198
294.215640 64
294.220396 64
294.434580 64
294.439364 64
294.669976 64
294.675008 64
294.884640 64
294.889544 64
294.975060 98
295.068244 128
295.074540 83
295.088764 64
295.093840 64
295.300680 64
295.305588 64
295.314616 118
295.319248 97
295.505404 64
295.521476 64
295.637268 64
295.835872 64
295.838100 64
295.838796 64
296.047896 64
296.655276 104
296.688920 84
296.755776 64
297.461308 64
297.464036 64
297.610032 96
297.611084 74
297.614448 64
297.836628 64
297.916716 108
297.955420 64
297.976880 570
297.978672 570
297.980512 570
297.983788 570
297.985992 570
298.146816 64
298.151676 64
298.237772 64
298.243148 570
298.281220 64
298.348260 64
298.353124 64
298.561520 128
298.567896 83
298.618068 64
298.622996 64
298.785848 118
298.790696 97
298.820796 64
298.821452 64
298.846840 64
298.868068 64
299.034572 64
299.187904 570
299.246552 64
299.249348 64
299.437416 64
299.441572 333
299.642044 64
299.840420 64
299.938644 104
299.955424 64
299.959744 85
300.205196 64
300.210020 64
300.237648 64
300.407072 64
300.411948 64
300.605432 64
300.620136 64
300.836696 64
300.840144 185
301.234468 64
301.362488 66
301.364784 66
301.367068 64
301.367732 64
301.636724 64
302.130208 91
302.134272 64
302.192640 97
302.197580 64
302.338864 64
302.437712 64
302.700624 64
302.703504 64
302.793484 108
302.846252 570
